0 43 42 44 -1 27 31 32  
43 0 42 40 38 28 30 34  
42 42 0 43 36 29 29 -1 
44 40 43 0 36 30 28 36  
-1 38 36 36 0 31 -1 38  
27 28 29 30 31 0 27 40 
31 30 29 28 -1 27 0 -1  
32 34 -1 36 38 40 -1 0
